27.41640786499873817845504201238765741264371015766909
143.55417527999327028509355739940083953409978750756835
751.65942021996466899674117634685440755402388441473303
3935.73982019981493284007282848352308718774415645812112
20607.80124031903092105347226551372089291036940108977536
107903.84816111492579496054227914823300871123978070606692
564991.88400541343108554936461283451448062596107987677253
2958335.91138802088333345401856041415484891080735643360520
15490047.93230647157565852665291114687117096099981908007748
81106943.94828674592061734384322522460763012276948867031148
424681471.96049458922106995644770676016109689261765530501814
2223661055.96982055164395036331333966253606086462797507254804
11643240447.97694495297942235408921093457197761729721834348991
60964798463.98238751130073267128190695728762224527135284565201
319215828991.98654525588670661133459800543782300243894563628388
1671435780095.98972149011730898287996020347644903354670175346522
8751751364607.99214791715702745194136919910740219151625614054961
45824765067263.99400154247292878012837438073861701486794154531975
239941584945151.99541758620946287300476948800209332291858234544293
1256350449401855.99649934736506211751511940505809187686662684218350
6578336356630527.99732573935252121307163847834017796338299483326767
34444616342175743.99795704665487880836935324980870024066924479928234
180354352626532351.9984393225191879979295655854914894220799358253320\
944347650390491135.9988077484956127540999805137141346880301812574736\
4944668491836817407.999089200896924532881620740318845822840831808342\
25890620349458939903.99930421139909618088980238705651200989100919869\
135565048129406369791.9994684648068789538123313610635621858652379706\
709827807378602459135.9995939432448889993147786181546622830554775864\
3716706651753989275647.999689800241818180639346264670254527910392931\
